n2, generelt
reverse cycles work

n3, generelt
[0..q-1//2] q-1 [q//2..q-2]
[q-1, q-2, ..., 0]
reverse cycles work

q2, n>=2
1 0

q3, n>=2
0 2 1 || 2 [0,1]

q4n2
[0,1] 3 2 || 3 [0,1,2]
0 3 [1,2] || 3 [0,1,2]

q4n3
[0,1] 3 2 || 3 [0,1,2]
0 3 [1,2] || 3 1 2 0
0 3 [1,2] || 3 2 [0,1]

q4n[4,5]
[0,1] 3 2 || 0 3 [1,2] || 1 3 [0,2] || 3 X
where X = 
    1 2 0
    2 [0,1]

Hvis jeg ikke kræver at q4n4 starter med 0123 kan jeg klare mig med kun 3 farvninger!

0 1 0 2 3 [1,2,3] || 0 1 2 [0,1] 3 [2,3] || 0 1 2 3 X
where X =
    1 2 [0,3]
    1 3 2 0
    2 [0,1,3]
    3 1 2 0
    3 2 [0,1]

q4n6
[0,1] 3 2 || 0 3 1 2 || 1 3 2 0 || 3 X
[0,1] 3 2 || 0 3 2 1 || 1 3 [0,2] || 3 X
where X = 
    1 2 0
    2 [0,1]

q5n3
[0,1] 4 [2,3] || 4 2 3 [1,0]
[0,1] 4 [2,3] || 4 3 1 2 0
[0,1] 4 [2,3] || 4 3 2 [0,1]

q5n4?
0 1 3 4 2 || T 4 3 || 1 0 4 [2,3] ||  2 4 [0,1] 3 || 4 X || 4 Y
0 1 3 4 2 || T 4 3 || 1 0 4 [2,3] ||  2 4 3 [0,1] || 4 Z || 4 Y
where T = (2)
        0 2 1
        1 0 2
    X = (11)
        0 [1,2,3]
        1 0 [2,3]
        1 2 0 3
        2 [0,1] 3
    Z = (4)
        0 [1,2] 3
        0 2 3 1
        1 0 2 3
    Y = (8)
        2 3 [0,1]
        3 [0,1,2]

q6n2
[0,1,2,3] 5 4 || [0,1] 5 [2,3,4] || X
[0,1,2] 5 [3,4] || [0,1] 5 [2,3,4] || X
[0,1,2] 5 [3,4] || 0 5 [1,2,3,4] || X
where X = 
    5 [2,3,4] [0,1]
    5 [3,4] 0 [1,2]
    5 [3,4] 1 [0,2]


Er en farvning hvor alle får to stykker, lige som at mappe cross-polytope til [0,1]? Eller måske endda selve spheren?