q 5 n 3
((0, 1, 4, 2, 3), (4, 2, 3, 0, 1)) C 
((0, 1, 4, 2, 3), (4, 2, 3, 1, 0)) 
((0, 1, 4, 2, 3), (4, 3, 1, 2, 0)) 
((0, 1, 4, 2, 3), (4, 3, 2, 0, 1)) 
((0, 1, 4, 2, 3), (4, 3, 2, 1, 0)) 
((0, 1, 4, 3, 2), (4, 2, 3, 0, 1)) 
((0, 1, 4, 3, 2), (4, 2, 3, 1, 0)) 
((0, 1, 4, 3, 2), (4, 3, 1, 2, 0)) 
((0, 1, 4, 3, 2), (4, 3, 2, 0, 1)) C 
((0, 1, 4, 3, 2), (4, 3, 2, 1, 0)) 
((1, 0, 4, 2, 3), (4, 2, 3, 0, 1)) 
((1, 0, 4, 2, 3), (4, 2, 3, 1, 0)) C 
((1, 0, 4, 2, 3), (4, 3, 1, 2, 0)) 
((1, 0, 4, 2, 3), (4, 3, 2, 0, 1)) 
((1, 0, 4, 2, 3), (4, 3, 2, 1, 0)) 
((1, 0, 4, 3, 2), (4, 2, 3, 0, 1)) 
((1, 0, 4, 3, 2), (4, 2, 3, 1, 0)) 
((1, 0, 4, 3, 2), (4, 3, 1, 2, 0)) 
((1, 0, 4, 3, 2), (4, 3, 2, 0, 1)) 
((1, 0, 4, 3, 2), (4, 3, 2, 1, 0)) C 
